4C 89 4C 24 20 4C 89 44 24 18 89 54 24 10 48 89
4C 24 08 48 83 EC 68 B8 08 00 00 00 48 6B C0 04
41 B8 0A 00 00 00 48 8D 54 24 58 48 8B 4C 24 70
4C 8B 8C 24 90 00 00 00 41 FF 14 01 89 44 24 24
48 63 44 24 24 B9 08 00 00 00 48 6B C9 00 48 89
4C 24 38 48 8B C8 48 8B 84 24 90 00 00 00 48 8B
54 24 38 FF 14 10 48 8B 8C 24 80 00 00 00 48 89
01 48 8B 84 24 88 00 00 00 C7 00 00 00 00 00 C6
44 24 20 72 C6 44 24 21 62 C6 44 24 22 00 B8 08
00 00 00 48 6B C0 03 48 8B 4C 24 70 48 8B 94 24
90 00 00 00 FF 14 02 48 8B 4C 24 70 48 8D 44 01
01 48 89 44 24 28 B8 08 00 00 00 48 6B C0 12 4C
8D 44 24 20 48 8B 54 24 28 48 8D 4C 24 30 4C 8B
8C 24 90 00 00 00 41 FF 14 01 85 C0 74 05 E9 D3
00 00 00 B8 08 00 00 00 48 6B C0 03 48 8B 4C 24
28 48 8B 94 24 90 00 00 00 FF 14 02 48 8B 4C 24
28 48 8D 44 01 01 B9 08 00 00 00 48 6B C9 11 48
89 4C 24 40 41 B8 0A 00 00 00 33 D2 48 8B C8 48
8B 84 24 90 00 00 00 4C 8B 4C 24 40 42 FF 14 08
48 89 44 24 48 B8 08 00 00 00 48 6B C0 13 45 33
C0 48 8B 54 24 48 48 8B 4C 24 30 4C 8B 8C 24 90
00 00 00 41 FF 14 01 48 63 44 24 24 B9 08 00 00
00 48 6B C9 14 48 89 4C 24 50 4C 8B 4C 24 30 4C
8B C0 BA 01 00 00 00 48 8B 84 24 80 00 00 00 48
8B 08 48 8B 84 24 90 00 00 00 4C 8B 54 24 50 42
FF 14 10 48 8B 8C 24 88 00 00 00 89 01 B8 08 00
00 00 48 6B C0 16 48 8B 4C 24 30 48 8B 94 24 90
00 00 00 FF 14 02 48 83 C4 68 C3 