4C 89 4C 24 20 4C 89 44 24 18 89 54 24 10 48 89
4C 24 08 53 57 48 81 EC 28 02 00 00 B8 08 00 00
00 48 6B C0 00 B9 4A 01 00 00 48 8B 94 24 60 02
00 00 FF 14 02 48 8B 8C 24 50 02 00 00 48 89 01
48 8B 84 24 50 02 00 00 48 8B 00 C6 00 30 48 8B
84 24 50 02 00 00 48 8B 00 C6 40 01 00 48 8B 84
24 58 02 00 00 C7 00 01 00 00 00 B8 08 00 00 00
48 6B C0 0B 48 8D 94 24 E0 00 00 00 48 8B 8C 24
40 02 00 00 4C 8B 84 24 60 02 00 00 41 FF 14 00
48 89 84 24 98 00 00 00 48 83 BC 24 98 00 00 00
FF 0F 84 D9 03 00 00 B8 08 00 00 00 48 6B C0 0E
45 33 C9 48 8B 8C 24 50 02 00 00 4C 8B 01 BA 04
01 00 00 48 8B 8C 24 40 02 00 00 4C 8B 94 24 60
02 00 00 41 FF 14 02 85 C0 75 21 B8 08 00 00 00
48 6B C0 0D 48 8B 8C 24 98 00 00 00 48 8B 94 24
60 02 00 00 FF 14 02 E9 AD 03 00 00 B8 01 00 00
00 48 6B C0 00 0F BE 84 04 0C 01 00 00 83 F8 2E
0F 84 3E 03 00 00 B8 08 00 00 00 48 6B C0 0F 48
8D 94 24 C8 00 00 00 48 8D 8C 24 F4 00 00 00 4C
8B 84 24 60 02 00 00 41 FF 14 00 85 C0 75 21 B8
08 00 00 00 48 6B C0 0D 48 8B 8C 24 98 00 00 00
48 8B 94 24 60 02 00 00 FF 14 02 E9 20 03 00 00
B8 08 00 00 00 48 6B C0 10 48 8D 94 24 B8 00 00
00 48 8D 8C 24 C8 00 00 00 4C 8B 84 24 60 02 00
00 41 FF 14 00 85 C0 75 21 B8 08 00 00 00 48 6B
C0 0D 48 8B 8C 24 98 00 00 00 48 8B 94 24 60 02
00 00 FF 14 02 E9 D6 02 00 00 C6 44 24 60 0A C6
44 24 61 25 C6 44 24 62 64 C6 44 24 63 2C C6 44
24 64 25 C6 44 24 65 73 C6 44 24 66 2C C6 44 24
67 25 C6 44 24 68 6C C6 44 24 69 6C C6 44 24 6A
75 C6 44 24 6B 2C C6 44 24 6C 25 C6 44 24 6D 30
C6 44 24 6E 34 C6 44 24 6F 64 C6 44 24 70 2E C6
44 24 71 25 C6 44 24 72 30 C6 44 24 73 32 C6 44
24 74 64 C6 44 24 75 2E C6 44 24 76 25 C6 44 24
77 30 C6 44 24 78 32 C6 44 24 79 64 C6 44 24 7A
20 C6 44 24 7B 25 C6 44 24 7C 30 C6 44 24 7D 32
C6 44 24 7E 64 C6 44 24 7F 3A C6 84 24 80 00 00
00 25 C6 84 24 81 00 00 00 30 C6 84 24 82 00 00
00 32 C6 84 24 83 00 00 00 64 C6 84 24 84 00 00
00 3A C6 84 24 85 00 00 00 25 C6 84 24 86 00 00
00 30 C6 84 24 87 00 00 00 32 C6 84 24 88 00 00
00 64 C6 84 24 89 00 00 00 00 8B 84 24 E0 00 00
00 83 E0 10 85 C0 74 0D C7 84 24 90 00 00 00 01
00 00 00 EB 0B C7 84 24 90 00 00 00 00 00 00 00
0F B7 84 24 C4 00 00 00 89 84 24 A0 00 00 00 0F
B7 8C 24 C2 00 00 00 89 8C 24 A4 00 00 00 0F B7
94 24 C0 00 00 00 89 94 24 A8 00 00 00 44 0F B7
84 24 BE 00 00 00 44 89 84 24 AC 00 00 00 44 0F
B7 8C 24 BA 00 00 00 44 89 8C 24 B0 00 00 00 44
0F B7 94 24 B8 00 00 00 44 89 94 24 B4 00 00 00
44 8B 9C 24 FC 00 00 00 49 C1 E3 20 8B 9C 24 00
01 00 00 4C 0B DB 49 8B DB 41 BB 08 00 00 00 4D
6B DB 03 48 8B BC 24 50 02 00 00 48 8B 0F 48 8B
BC 24 60 02 00 00 42 FF 14 1F 48 8B 8C 24 50 02
00 00 48 03 01 B9 08 00 00 00 48 6B C9 06 48 89
8C 24 D0 00 00 00 8B 94 24 A0 00 00 00 89 54 24
58 8B 94 24 A4 00 00 00 89 54 24 50 8B 94 24 A8
00 00 00 89 54 24 48 8B 94 24 AC 00 00 00 89 54
24 40 8B 94 24 B0 00 00 00 89 54 24 38 8B 94 24
B4 00 00 00 89 54 24 30 48 89 5C 24 28 48 8D 94
24 0C 01 00 00 48 89 54 24 20 44 8B 8C 24 90 00
00 00 4C 8D 44 24 60 BA 4A 01 00 00 48 8B C8 48
8B 84 24 60 02 00 00 48 8B 9C 24 D0 00 00 00 FF
14 18 B8 08 00 00 00 48 6B C0 03 48 8B 8C 24 50
02 00 00 48 8B 09 48 8B 94 24 60 02 00 00 FF 14
02 48 05 4A 01 00 00 B9 08 00 00 00 48 6B C9 01
48 89 8C 24 D8 00 00 00 48 8B D0 48 8B 84 24 50
02 00 00 48 8B 08 48 8B 84 24 60 02 00 00 48 8B
9C 24 D8 00 00 00 FF 14 18 48 8B 8C 24 50 02 00
00 48 89 01 B8 08 00 00 00 48 6B C0 0C 48 8D 94
24 E0 00 00 00 48 8B 8C 24 98 00 00 00 48 8B 9C
24 60 02 00 00 FF 14 03 85 C0 0F 85 7C FC FF FF
B8 08 00 00 00 48 6B C0 03 48 8B 8C 24 50 02 00
00 48 8B 09 48 8B 94 24 60 02 00 00 FF 14 02 48
8B 8C 24 58 02 00 00 89 01 48 81 C4 28 02 00 00
5F 5B C3 