4C 89 4C 24 20 4C 89 44 24 18 89 54 24 10 48 89
4C 24 08 48 83 EC 48 B8 08 00 00 00 48 6B C0 00
B9 01 00 00 00 48 8B 54 24 70 FF 14 02 48 8B 4C
24 60 48 89 01 48 8B 44 24 60 48 8B 00 C6 00 30
48 8B 44 24 68 C7 00 01 00 00 00 48 8B 44 24 50
48 FF C0 B9 08 00 00 00 48 6B C9 03 48 89 4C 24
28 48 8B C8 48 8B 44 24 70 48 8B 54 24 28 FF 14
10 48 8B 4C 24 50 48 8D 44 01 02 48 89 44 24 20
48 8B 44 24 50 0F BE 00 83 F8 30 75 3D 48 8B 44
24 50 48 FF C0 B9 08 00 00 00 48 6B C9 18 48 89
4C 24 30 48 8B 54 24 20 48 8B C8 48 8B 44 24 70
4C 8B 44 24 30 42 FF 14 00 85 C0 75 0B 48 8B 44
24 60 48 8B 00 C6 00 31 EB 41 48 8B 44 24 50 48
FF C0 B9 08 00 00 00 48 6B C9 17 48 89 4C 24 38
41 B8 01 00 00 00 48 8B 54 24 20 48 8B C8 48 8B
44 24 70 4C 8B 4C 24 38 42 FF 14 08 85 C0 74 0B
48 8B 44 24 60 48 8B 00 C6 00 31 48 83 C4 48 C3